75 0.000198721357
8686 0.000190205478
9678 0.000188337048
5104 0.000187795344
725 0.000186793164
3257 0.000185721642
468 0.000184900196
7730 0.000183938392
7175 0.000183838928
5526 0.000182843425
8880 0.000182589241
6165 0.000181381638
2524 0.000179768112
7531 0.000177955207
9705 0.000177273572
6674 0.000176715431
5479 0.000176315287
8730 0.000175446926
5486 0.000174638000
579 0.000174636520
4969 0.000173954675
5602 0.000173741745
5467 0.000173498444
1741 0.000173181350
4499 0.000172231490
3334 0.000172115441
4561 0.000171797636
43 0.000171688172
9083 0.000171594562
989 0.000170789197
5919 0.000170363566
7157 0.000169223949
5883 0.000168874807
646 0.000168113849
9884 0.000168015685
2414 0.000167870645
486 0.000167678493
6364 0.000167304284
2387 0.000167216290
2932 0.000167195685
2588 0.000166905823
1963 0.000166628945
6147 0.000166013936
4304 0.000165995970
5142 0.000165700339
5823 0.000165619327
2229 0.000165610222
3094 0.000165457968
5029 0.000165415916
8294 0.000165232498
260 0.000165040349
3331 0.000164997387
5390 0.000164972096
9674 0.000164796685
5786 0.000164428531
1506 0.000164330989
4049 0.000163902006
1750 0.000163900331
2213 0.000163838830
1932 0.000163792251
3794 0.000163764672
3790 0.000163753039
1879 0.000163577423
9768 0.000163379446
9325 0.000163182241
209 0.000163144964
9106 0.000163099115
6248 0.000162700111
3029 0.000162626647
9134 0.000162286084
1486 0.000162264748
2549 0.000162118998
4613 0.000162029722
40 0.000161910697
3190 0.000161781448
511 0.000161761232
3350 0.000161624481
9067 0.000161451919
2711 0.000161165730
664 0.000161143948
5191 0.000160987992
2180 0.000160935085
9677 0.000160922142
407 0.000160884693
9817 0.000160757457
6403 0.000160653526
2880 0.000160451651
1289 0.000160412185
4602 0.000160365292
9464 0.000160202105
3534 0.000160195138
9272 0.000159829860
2123 0.000159680074
2191 0.000159509188
7887 0.000159399546
3610 0.000159394868
604 0.000159062071
8160 0.000158965691
9645 0.000158934907
5206 0.000158829977
